        0.0000  -0.333716   0.324329  -0.009387 
        0.1000  -0.714433   0.705046  -0.009387 
        0.2000  -0.569252   0.561798  -0.007454 
        0.3000  -0.698821   0.691367  -0.007454 
        0.4000  -0.659870   0.652416  -0.007454 
        0.5000  -0.758558   0.751104  -0.007454 
        0.6000  -0.661207   0.653753  -0.007454 
        0.7000  -0.586783   0.579329  -0.007454 
        0.8000  -0.662142   0.654688  -0.007454 
        0.9000  -0.610227   0.602773  -0.007454 
        1.0000  -0.614862   0.607408  -0.007454 
        1.1000  -0.659869   0.652415  -0.007454 
        1.2000  -0.641782   0.634328  -0.007454 
        1.3000  -0.651825   0.644371  -0.007454 
        1.4000  -0.603448   0.595995  -0.007454 
        1.5000  -0.627643   0.620189  -0.007454 
        1.6000  -0.669805   0.662351  -0.007454 
        1.7000  -0.613372   0.605918  -0.007454 
        1.8000  -0.616136   0.594892  -0.021244 
        1.9000  -0.674781   0.653538  -0.021244 
        2.0000  -0.633632   0.612388  -0.021244 
        2.1000  -0.570972   0.549555  -0.021417 
        2.2000  -0.608132   0.586715  -0.021417 
        2.3000  -0.539700   0.527360  -0.012341 
        2.4000  -0.545713   0.528264  -0.017449 
        2.5000  -0.553948   0.536499  -0.017449 
        2.6000  -0.604506   0.587057  -0.017449 
        2.7000  -0.580781   0.563331  -0.017449 
        2.8000  -0.543297   0.525848  -0.017449 
        2.9000  -0.592322   0.574873  -0.017449 
        3.0000  -0.508302   0.490853  -0.017449 
        3.1000  -0.529258   0.511809  -0.017449 
        3.2000  -0.498465   0.481016  -0.017449 
        3.3000  -0.503502   0.486053  -0.017449 
        3.4000  -0.497098   0.479649  -0.017449 
        3.5000  -0.496719   0.479270  -0.017449 
        3.6000  -0.517845   0.500396  -0.017449 
        3.7000  -0.483193   0.465744  -0.017449 
        3.8000  -0.508415   0.490966  -0.017449 
        3.9000  -0.504968   0.487519  -0.017449 
        4.0000  -0.545079   0.527630  -0.017449 
        4.1000  -0.529090   0.511641  -0.017449 
        4.2000  -0.564995   0.547546  -0.017449 
        4.3000  -0.538868   0.517341  -0.021526 
        4.4000  -0.525753   0.504227  -0.021526 
        4.5000  -0.544835   0.523308  -0.021526 
        4.6000  -0.539503   0.517977  -0.021526 
        4.7000  -0.607379   0.585852  -0.021526 
        4.8000  -0.571469   0.548319  -0.023149 
        4.9000  -0.578680   0.555531  -0.023149 
        5.0000  -0.548496   0.525346  -0.023149 
        5.1000  -0.547429   0.524280  -0.023149 
        5.2000  -0.551067   0.527917  -0.023149 
        5.3000  -0.548376   0.525227  -0.023149 
        5.4000  -0.504884   0.476356  -0.028527 
        5.5000  -0.502560   0.482433  -0.020126 
        5.6000  -0.542627   0.522501  -0.020126 
        5.7000  -0.588597   0.568470  -0.020126 
        5.8000  -0.537808   0.517682  -0.020126 
        5.9000  -0.542241   0.522115  -0.020126 
        6.0000  -0.555007   0.534881  -0.020126 
        6.1000  -0.532016   0.511890  -0.020126 
        6.2000  -0.552354   0.532227  -0.020126 
        6.3000  -0.506966   0.478633  -0.028333 
        6.4000  -0.505540   0.477207  -0.028333 
        6.5000  -0.455198   0.426865  -0.028333 
        6.6000  -0.523089   0.494756  -0.028333 
        6.7000  -0.536179   0.507846  -0.028333 
        6.8000  -0.521922   0.493589  -0.028333 
        6.9000  -0.531766   0.503433  -0.028333 
        7.0000  -0.492272   0.463939  -0.028333 
        7.1000  -0.518698   0.490365  -0.028333 
        7.2000  -0.502169   0.473836  -0.028333 
        7.3000  -0.472073   0.443740  -0.028333 
        7.4000  -0.536858   0.508525  -0.028333 
        7.5000  -0.495986   0.467653  -0.028333 
        7.6000  -0.513182   0.484849  -0.028333 
        7.7000  -0.549535   0.521202  -0.028333 
        7.8000  -0.487132   0.458799  -0.028333 
        7.9000  -0.539934   0.511601  -0.028333 
        8.0000  -0.542164   0.513831  -0.028333 
        8.1000  -0.494536   0.466203  -0.028333 
        8.2000  -0.525905   0.497572  -0.028333 
        8.3000  -0.518197   0.489864  -0.028333 
        8.4000  -0.522282   0.499328  -0.022954 
        8.5000  -0.514899   0.491945  -0.022954 
        8.6000  -0.530347   0.501091  -0.029256 
        8.7000  -0.548379   0.519122  -0.029256 
        8.8000  -0.535766   0.506509  -0.029256 
        8.9000  -0.541757   0.509083  -0.032674 
        9.0000  -0.501141   0.468467  -0.032674 
        9.1000  -0.507018   0.471319  -0.035699 
        9.2000  -0.499214   0.463514  -0.035699 
        9.3000  -0.529026   0.493327  -0.035699 
        9.4000  -0.520879   0.485180  -0.035699 
        9.5000  -0.509346   0.483337  -0.026009 
        9.6000  -0.548478   0.522469  -0.026009 
        9.7000  -0.535790   0.509782  -0.026009 
        9.8000  -0.551433   0.526476  -0.024957 
        9.9000  -0.532540   0.507583  -0.024957 
       10.0000  -0.572246   0.547289  -0.024957 
       10.1000  -0.564180   0.539223  -0.024957 
       10.2000  -0.563639   0.538682  -0.024957 
       10.3000  -0.478367   0.453410  -0.024957 
       10.4000  -0.479569   0.454612  -0.024957 
       10.5000  -0.505808   0.480851  -0.024957 
       10.6000  -0.565172   0.540259  -0.024913 
       10.7000  -0.555176   0.530263  -0.024913 
       10.8000  -0.561216   0.536303  -0.024914 
       10.9000  -0.551157   0.526243  -0.024913 
       11.0000  -0.527442   0.502529  -0.024913 
       11.1000  -0.523972   0.499059  -0.024913 
       11.2000  -0.527978   0.503065  -0.024913 
       11.3000  -0.520856   0.495942  -0.024913 
       11.4000  -0.529696   0.504783  -0.024913 
       11.5000  -0.508434   0.483520  -0.024913 
       11.6000  -0.496175   0.471262  -0.024913 
       11.7000  -0.514431   0.489517  -0.024913 
       11.8000  -0.486594   0.458830  -0.027765 
       11.9000  -0.545223   0.508197  -0.037026 
       12.0000  -0.563538   0.526512  -0.037026 
       12.1000  -0.531032   0.494006  -0.037026 
       12.2000  -0.545374   0.508349  -0.037026 
       12.3000  -0.526664   0.489638  -0.037026 
       12.4000  -0.533113   0.496087  -0.037026 
       12.5000  -0.526302   0.489276  -0.037026 
       12.6000  -0.516281   0.479256  -0.037026 
       12.7000  -0.512892   0.475867  -0.037026 
       12.8000  -0.533312   0.496286  -0.037026 
       12.9000  -0.503420   0.466394  -0.037026 
       13.0000  -0.498180   0.461154  -0.037026 
       13.1000  -0.537475   0.492698  -0.044777 
       13.2000  -0.570883   0.526792  -0.044091 
       13.3000  -0.545346   0.501255  -0.044091 
       13.4000  -0.528618   0.484527  -0.044091 
       13.5000  -0.526271   0.482180  -0.044091 
       13.6000  -0.504824   0.460733  -0.044091 
       13.7000  -0.505599   0.457407  -0.048192 
       13.8000  -0.536759   0.488567  -0.048192 
       13.9000  -0.544511   0.496318  -0.048192 
       14.0000  -0.547968   0.499776  -0.048192 
       14.1000  -0.513151   0.464959  -0.048192 
       14.2000  -0.529037   0.480844  -0.048192 
       14.3000  -0.516939   0.468747  -0.048192 
       14.4000  -0.490243   0.442051  -0.048192 
       14.5000  -0.527878   0.479685  -0.048192 
       14.6000  -0.525541   0.477349  -0.048192 
       14.7000  -0.561916   0.513724  -0.048192 
       14.8000  -0.537075   0.488882  -0.048192 
       14.9000  -0.513296   0.465103  -0.048192 
       15.0000  -0.538836   0.490644  -0.048192 
       15.1000  -0.485037   0.436845  -0.048192 
       15.2000  -0.474068   0.425875  -0.048192 
       15.3000  -0.520281   0.472088  -0.048192 
       15.4000  -0.540291   0.492099  -0.048192 
       15.5000  -0.550931   0.502739  -0.048192 
       15.6000  -0.517515   0.469323  -0.048192 
       15.7000  -0.537225   0.489033  -0.048192 
       15.8000  -0.494137   0.445945  -0.048192 
       15.9000  -0.558679   0.510486  -0.048192 
       16.0000  -0.524151   0.475958  -0.048192 
       16.1000  -0.530680   0.475890  -0.054790 
       16.2000  -0.503805   0.449014  -0.054790 
       16.3000  -0.545606   0.493066  -0.052540 
       16.4000  -0.519809   0.467270  -0.052540 
       16.5000  -0.481599   0.429059  -0.052540 
       16.6000  -0.530407   0.477867  -0.052540 
       16.7000  -0.485673   0.433133  -0.052540 
       16.8000  -0.479305   0.428096  -0.051209 
       16.9000  -0.501479   0.450269  -0.051209 
       17.0000  -0.481417   0.430208  -0.051209 
       17.1000  -0.500070   0.448861  -0.051209 
       17.2000  -0.518245   0.467035  -0.051209 
       17.3000  -0.522381   0.471172  -0.051209 
       17.4000  -0.503866   0.452657  -0.051209 
       17.5000  -0.530269   0.479060  -0.051209 
       17.6000  -0.556834   0.505625  -0.051209 
       17.7000  -0.527595   0.476386  -0.051209 
       17.8000  -0.543669   0.483621  -0.060048 
       17.9000  -0.523309   0.465326  -0.057983 
       18.0000  -0.544122   0.476452  -0.067670 
       18.1000  -0.506332   0.438662  -0.067670 
       18.2000  -0.465867   0.398197  -0.067670 
       18.3000  -0.515198   0.447528  -0.067670 
       18.4000  -0.489610   0.421940  -0.067670 
       18.5000  -0.452562   0.384892  -0.067670 
       18.6000  -0.481916   0.414246  -0.067670 
       18.7000  -0.501429   0.433759  -0.067670 
       18.8000  -0.500367   0.432697  -0.067670 
       18.9000  -0.493616   0.425946  -0.067670 
       19.0000  -0.495870   0.429012  -0.066858 
       19.1000  -0.490662   0.423278  -0.067383 
       19.2000  -0.480076   0.412693  -0.067383 
       19.3000  -0.480088   0.412705  -0.067383 
       19.4000  -0.503366   0.435983  -0.067383 
       19.5000  -0.478862   0.401274  -0.077587 
       19.6000  -0.517166   0.439579  -0.077587 
       19.7000  -0.511430   0.442018  -0.069412 
       19.8000  -0.490028   0.420615  -0.069412 
       19.9000  -0.476419   0.407007  -0.069412 
       20.0000  -0.517224   0.447812  -0.069412 
       20.1000  -0.507856   0.438443  -0.069412 
       20.2000  -0.519612   0.450199  -0.069412 
       20.3000  -0.505138   0.435726  -0.069412 
       20.4000  -0.532846   0.463433  -0.069412 
       20.5000  -0.480659   0.411246  -0.069413 
       20.6000  -0.519246   0.449834  -0.069413 
       20.7000  -0.511688   0.442276  -0.069412 
       20.8000  -0.483502   0.414090  -0.069413 
       20.9000  -0.501267   0.431854  -0.069413 
       21.0000  -0.545241   0.475829  -0.069413 
       21.1000  -0.508640   0.439227  -0.069413 
       21.2000  -0.493308   0.423896  -0.069413 
       21.3000  -0.532096   0.462684  -0.069413 
       21.4000  -0.491561   0.421198  -0.070363 
       21.5000  -0.496553   0.426191  -0.070363 
       21.6000  -0.493421   0.423058  -0.070363 
       21.7000  -0.483434   0.413071  -0.070363 
       21.8000  -0.482536   0.412173  -0.070363 
       21.9000  -0.504506   0.434143  -0.070363 
       22.0000  -0.460455   0.383673  -0.076782 
       22.1000  -0.508105   0.431323  -0.076782 
       22.2000  -0.463193   0.386411  -0.076782 
       22.3000  -0.481866   0.405083  -0.076782 
       22.4000  -0.532999   0.456217  -0.076782 
       22.5000  -0.548417   0.471634  -0.076782 
       22.6000  -0.521165   0.444383  -0.076782 
       22.7000  -0.536103   0.459320  -0.076782 
       22.8000  -0.473351   0.396568  -0.076782 
       22.9000  -0.456452   0.379670  -0.076782 
       23.0000  -0.529463   0.452681  -0.076782 
       23.1000  -0.554119   0.477337  -0.076782 
       23.2000  -0.527687   0.450905  -0.076782 
       23.3000  -0.547281   0.473758  -0.073523 
       23.4000  -0.529205   0.455683  -0.073523 
       23.5000  -0.502145   0.428622  -0.073523 
       23.6000  -0.485274   0.411751  -0.073523 
       23.7000  -0.530577   0.457054  -0.073523 
       23.8000  -0.499027   0.425505  -0.073523 
       23.9000  -0.473962   0.400439  -0.073523 
       24.0000  -0.503861   0.430339  -0.073523 
       24.1000  -0.492966   0.419443  -0.073523 
       24.2000  -0.505566   0.432043  -0.073523 
       24.3000  -0.501915   0.428393  -0.073523 
       24.4000  -0.476945   0.403423  -0.073523 
       24.5000  -0.525948   0.452426  -0.073523 
       24.6000  -0.518471   0.453080  -0.065391 
       24.7000  -0.551918   0.486527  -0.065391 
       24.8000  -0.576524   0.509029  -0.067495 
       24.9000  -0.526758   0.459263  -0.067495 
       25.0000  -0.523279   0.455784  -0.067495 
       25.1000  -0.539580   0.472085  -0.067495 
       25.2000  -0.512488   0.451822  -0.060666 
       25.3000  -0.472546   0.411880  -0.060666 
       25.4000  -0.509960   0.449294  -0.060666 
       25.5000  -0.509097   0.448432  -0.060666 
       25.6000  -0.479684   0.419019  -0.060666 
       25.7000  -0.567614   0.507543  -0.060070 
       25.8000  -0.497763   0.437693  -0.060070 
       25.9000  -0.503104   0.443033  -0.060070 
       26.0000  -0.471065   0.410994  -0.060070 
       26.1000  -0.474219   0.414149  -0.060070 
       26.2000  -0.481350   0.421279  -0.060070 
       26.3000  -0.482785   0.422715  -0.060070 
       26.4000  -0.507376   0.447305  -0.060070 
       26.5000  -0.532156   0.472085  -0.060070 
       26.6000  -0.508878   0.448688  -0.060190 
       26.7000  -0.470190   0.410000  -0.060190 
       26.8000  -0.491268   0.431078  -0.060190 
       26.9000  -0.510479   0.450288  -0.060190 
       27.0000  -0.487078   0.426887  -0.060190 
       27.1000  -0.492393   0.432203  -0.060190 
       27.2000  -0.517864   0.457673  -0.060190 
       27.3000  -0.498902   0.438712  -0.060190 
       27.4000  -0.516895   0.456705  -0.060190 
       27.5000  -0.500863   0.450902  -0.049962 
       27.6000  -0.486577   0.436615  -0.049962 
       27.7000  -0.509953   0.459991  -0.049962 
       27.8000  -0.502537   0.457475  -0.045062 
       27.9000  -0.468514   0.423452  -0.045062 
       28.0000  -0.509555   0.466556  -0.042999 
       28.1000  -0.512348   0.469349  -0.042999 
       28.2000  -0.509027   0.466028  -0.042999 
       28.3000  -0.497038   0.452525  -0.044514 
       28.4000  -0.486112   0.438714  -0.047398 
       28.5000  -0.486546   0.439148  -0.047398 
       28.6000  -0.525639   0.478241  -0.047398 
       28.7000  -0.452513   0.405115  -0.047398 
       28.8000  -0.486640   0.439242  -0.047398 
       28.9000  -0.477262   0.430790  -0.046472 
       29.0000  -0.472438   0.425966  -0.046472 
       29.1000  -0.481698   0.433947  -0.047750 
       29.2000  -0.474277   0.426527  -0.047750 
       29.3000  -0.451427   0.403676  -0.047750 
       29.4000  -0.473982   0.426231  -0.047750 
       29.5000  -0.513280   0.457722  -0.055558 
       29.6000  -0.496995   0.441437  -0.055558 
       29.7000  -0.510787   0.455230  -0.055558 
       29.8000  -0.474112   0.418555  -0.055558 
       29.9000  -0.492948   0.437391  -0.055558 
       30.0000  -0.484020   0.422140  -0.061880 
