t = 3000000
b = 9.002544 9.002544 9.002544
E = -0.287360586306386 -0.484019603913904 0.196659017607518
-3.13228426989079 -2.0969925188034 2.51373908870106 0.419705977535598 0.774347368240773 0.473532517204842 0.891142067212326 -0.450622757756033 -0.052961739057399 0.441914609369038 0.395377618243387 -0.296924980128934 0.109236600941631 0.163512276704345 -0.538609441464495
-2.72777126718522 -2.21149947510697 2.02784495676884 0.30449428308713 0.435080405957014 0.847341878690554 0.934349265600378 -0.309334596453073 -0.176928095915055 -0.000215947420199032 0.00251696907053539 0.42168901393785 -0.345638224481302 0.3660745431113 0.178914510675801
-2.48386647355893 -1.87748328104781 1.52601482551944 0.392674309852123 -0.105091550076374 0.913653464059795 0.902956751153346 -0.144522130398717 -0.404700456267293 -0.187533426564007 -0.00302330909321211 -0.323739634757561 0.33554956938053 0.39777467349097 -0.42755159921762
-2.05506057932245 -1.52903865369633 1.20758770411916 0.316093102866896 -0.564554445444319 0.762471917779217 0.856107411561334 -0.176615758021072 -0.485681965444907 0.344560754353317 -0.104060241848257 -0.0369084608236257 -0.130659780989433 0.0251862409899091 -0.265319818493534
-2.01255143174204 -1.0576239171051 0.0517314513737179 -0.70656917725131 -0.00328972538961592 -0.707636329002836 0.672288398190946 -0.315252663185222 -0.669808977647053 0.11533920730156 0.0712514900606411 -0.187700842418781 0.297575346209109 0.405395437317399 0.48270570437158
-1.24972780059666 -1.76618140597815 -0.355261485408612 -0.743979353198289 -0.362572476883025 -0.561280608059912 -0.615909852562877 0.0463461421154313 0.786452216346166 -0.0131413893997787 -0.407021401011101 0.135184943607916 -0.344153943582131 0.661916780292185 -0.122722433362493
-0.207205396397777 -1.65966156819643 -0.233748220414281 0.781297495569946 0.591519508195813 -0.19919561570958 0.443186602028429 -0.301029941055031 0.844373501050543 -0.261885025046729 -0.57800665690108 -0.242514513927492 -0.416517814841824 -0.130953857086542 -0.318305833983466
-0.0482429100672768 -2.87184254770553 0.761729301303684 0.236793793170975 -0.917698449779876 0.318995694783699 0.354619502249376 -0.224042701733156 -0.907771929242834 0.124591778948517 -0.738401817100076 0.624869804895314 0.0783075835262417 0.077201690816614 -0.609103579236202
0.317583739444805 -2.10882374738837 0.435462862533132 -0.643139344770244 0.756227837576136 0.120379567743287 -0.143856273596831 0.0350858863790221 -0.988976416748418 0.0903850866146395 -0.156373412672556 -0.714944759520168 0.0654637044289332 0.139627599150124 -0.150143669190053
1.04227409715421 -3.33974454628024 0.474704262188534 -0.013618898480905 -0.902076342111658 0.431361561756964 -0.861660861619187 -0.208283364129038 -0.462772729172803 0.714117657421568 -0.471646455907763 0.291982768248929 0.131181633370296 0.726662646746459 0.0351752477917938
1.23202476141172 -3.41227759675419 -0.0856646647967311 -0.79365533374689 -0.322550512373986 -0.515822034548576 -0.157482215529812 -0.710053304309952 0.686311628493453 0.0196426444777233 0.518132467764497 -0.452264640035742 -0.216238523074266 -0.205329610750867 0.622899051023974
1.85193858663302 -2.98557487867508 1.22002623542225 -0.0965385955661759 -0.169693631786244 0.980757039238092 -0.66615949592292 -0.72111155735874 -0.19034086356409 -0.173051652791507 -0.385528883072399 0.0917281635252834 0.571339131554841 0.29963590203536 -0.324876812997611
1.31718186617093 -2.16019184470184 0.107390178017676 -0.895319631464393 0.160451023962175 -0.415521628803118 -0.324381039787889 -0.874173201601923 0.36138365953201 0.229331149072574 -0.239234769498 0.189588329942799 -0.127207135699198 -0.199105892143838 0.277792352808307
1.04153346861798 -2.0130315200188 1.26273153493495 -0.840956131037908 -0.367601438343132 0.397066802906118 0.106205181718639 -0.831669718817783 -0.545019286943875 0.9802392108428 -0.128906199111786 -0.131499908585669 -0.824953145855587 0.332619058753166 0.370177059162615
1.17453622293429 -1.15359120916909 0.248472793233784 0.289395218776774 0.74344996311694 -0.602936608070161 0.256599715617542 0.546581475470789 0.797123122222911 -0.00863240571361039 -0.240669049119853 0.176587365575399 0.374317902368698 0.209576061349928 0.902280167804732
1.66329038641221 -1.06220543056462 0.799959038388966 -0.423822579608149 0.821236319421429 -0.382027893705513 -0.17001627570886 0.342153202339809 0.924135078996527 0.406873831947504 -0.516517002658358 0.704589624142269 0.263025025503838 -0.190944637981614 0.0596619089489183
1.39475348771831 -1.87311839337607 1.83293023878199 -0.0183638016644045 -0.684754216816376 0.728542673927446 0.0577702293821869 0.72672150654145 0.684498682611929 0.801160463563395 0.570971995669339 -0.217185733163031 0.499345199277139 -0.673908953386039 0.304530867716221
0.795198036474144 -2.13057271829639 1.89435940888331 -0.451245890860815 -0.836223555696732 -0.311620456536833 -0.510211171975621 -0.0447431656762348 0.858884514012875 -0.43525916871775 0.453204364795487 0.372328397257327 0.374800301744275 -0.107342118929286 -0.374283022274781
0.4297977250326 -1.81055955320146 2.19128301508036 0.051783248471467 -0.986231731676641 0.157052432665102 -0.663663288064949 0.0835288342075886 0.743353195949222 0.648131788565734 -0.0152036744604181 0.326048144394571 -0.246878308901613 -0.00119323719760088 0.195841188405112
-0.0741639346029981 -1.68146149982216 2.29630750164614 0.441734910510762 -0.817986292560912 0.368468036404487 -0.879894004768701 -0.314857505147369 0.355881007772878 -0.390297927851603 -0.820674689306836 0.17426403032839 0.459194425869147 0.024344541604861 -0.305326461971649
-0.461865430697898 -1.761209361918 2.05843731547007 0.148435605892867 -0.388028361701347 0.909615776805908 -0.904172824525133 -0.42580405121063 -0.0340941836632627 0.318830052611831 0.543759049633133 0.495375268236855 0.429881002144841 0.415429193949758 0.340282073993093
-0.645109580399279 -2.27584175418846 1.74406298871018 -0.0159220401038073 0.153696054192809 0.987989873747677 -0.767017354610015 -0.635763304857351 0.0865412021316846 0.22014267590994 -0.412437119749273 0.0912540373971091 -0.165881561421917 -0.441185305100093 -0.0731713646251407
-1.20027647357384 -2.59353532989304 1.44621033465018 -0.111023709746843 0.976532565077198 -0.184547784941674 -0.970975669640459 -0.0670011163069706 0.229602045542546 -0.115231977826103 -0.299627121799269 0.0574789527329168 -0.644030975436487 -0.311457120128306 -0.3175305837418
-1.56638204431248 -2.56360952951313 1.8174896760336 -0.0357411836018368 0.687543481401606 -0.725263069852416 -0.880153378357871 0.322080315235427 0.348703739818968 -0.788491905010972 -0.749267694025329 -0.384723646494971 -0.099907355370457 -0.259900314821792 0.443015186008888
-1.81506508082266 -2.33146822968977 2.21177961654924 -0.167447816344574 0.353988258639665 -0.920137783969443 -0.847003515396999 0.425971190480688 0.318015077883417 0.172630328337696 0.00300428636612437 -0.0142022061599022 -0.23721771252472 -0.0414582942530864 -0.495312556565761
-1.94073983688811 -1.89055532072375 2.5722620740817 -0.546579776850415 -0.163902263179111 -0.821210442651376 -0.802663178370678 0.382086109058369 0.457976008527577 -0.156640528430831 0.170133052040767 0.070732231249363 -0.564334015582492 0.456135719205369 0.24729554214847
-2.09856258563636 -1.45149834023122 2.70743264712553 -0.588608896947991 -0.697704870466711 -0.408347254062072 -0.798840395549 0.57950282766293 0.161339688157329 0.499261584332871 0.371163343423505 0.41381757220434 -0.187812247297588 -0.193858992893934 0.718792627349386
-1.75220141514823 -1.44176370100796 2.05557977695981 -0.888920461829155 -0.298718652853619 -0.347257222325238 -0.450625028102629 0.706335487748985 0.545918731885672 -0.115042807662269 -0.166730260956198 0.42076103785705 0.0991650737456307 -0.0245320695193175 0.465739645840149
-1.76240717026321 -0.764973265799028 1.94339348364358 -0.853329555932005 -0.516023471355731 -0.0744878280851221 -0.507593890759092 0.789629134841286 0.34472345764662 -0.211096625607375 0.219798256180345 -0.0354305803610246 0.191273244152406 0.489034142578084 -0.226161492652857
-0.656255128954744 -0.723999339216128 1.35270185010394 0.667804131695677 -0.437900210153946 -0.601897870860916 -0.388163277436952 0.485095563944908 -0.783588899469643 0.499815338287673 0.0352969912234233 -0.852050316628287 -0.0322868892694571 0.0877354400833714 0.284289868215981
-0.721658918860385 -0.316461882040162 1.07454699208841 0.191711251998664 -0.893812257620503 -0.405396639137325 -0.442261710194778 0.290068873795613 -0.848684054001318 0.334522770427722 0.137210645766706 -0.0400466757743476 0.626216621996219 0.603830992158381 0.143523756678013
-0.571451265186059 -0.0757057713969527 0.692199646766517 -0.570516137698508 -0.787573453881587 -0.232893465055592 -0.173823018734851 0.392939162936578 -0.902986357635921 0.0695599055375199 -0.719835127145959 0.225628260684686 -0.322291574192733 -0.18650901379204 0.0752424301422503
-0.30495477099867 -0.0111571245332396 0.181875861715507 -0.990724185208083 -0.115294230502328 0.0719223567119546 -0.126777078759452 0.593680042668697 -0.794651858799654 0.2141573800352 0.021005631237965 0.206072994754041 -0.066843409021522 0.526084091190018 -0.284388302132756
-0.190412602663534 -0.119637611241794 -0.467724776720509 -0.926381037371983 0.260761661717746 0.271701176125725 -0.0758639783633906 0.577468510426958 -0.812880542340753 0.788158116304118 0.14782335554441 0.0298434558160079 0.069489961853827 0.0882360134556881 -0.47337653835804
