t = 3000000
b = 8.92462 8.92462 8.92462
E = -0.928489346551857 -1.1356353521479 0.207146005596039
4.69880232247362 8.46536237949484 0.0535447896064218 0.0387128055429831 -0.26250641851469 -0.964153358074112 -0.870646513287739 -0.482375630295476 0.0963762974406059 -0.481524653625022 0.204959655793643 0.747724182600435 0.151086108954792 0.0503495042155554 -0.257900071599333
4.26730032566956 8.38548085227073 -0.106054284569459 0.538749821313374 -0.816529724599204 -0.207431489675648 -0.730261007290741 -0.575391798181071 0.368297604484864 -0.0956433047591936 -0.381278734652704 0.311024919787693 0.0837897357193976 -0.591572596807856 -0.149083737886651
3.91920737122068 8.03050668804704 -0.161208493842274 0.806855184955395 -0.562823074402306 0.17948524027428 -0.586857439160893 -0.728830837802002 0.352709520931094 -0.133621136632647 -0.952827550786666 -0.33918204249923 -0.426749710146257 0.463923898514498 -0.00354624616447631
3.77353075774608 7.49419962012834 -0.159293566364294 0.763282761980546 -0.126665831803545 0.633526038593305 -0.47033006398395 -0.781221884934924 0.410465669848717 -0.385775394243797 0.954947466628626 -0.182839894594111 -0.232687230270296 -0.0159136994915003 -0.122839797661592
3.74810833898689 7.02661496489994 -0.0306322250556672 0.323046201017429 0.289265160356466 0.901092023971622 -0.379179477439151 -0.832816786184619 0.403285495468895 -0.172875662561264 0.464916242296474 0.358526853274403 -0.442434344163086 0.203273258978648 -0.0967240742321673
3.83208746238397 6.55842182657878 0.216148681078471 -0.272503574031242 0.630610536649135 0.726685761541074 -0.328135996435346 -0.77090027718143 0.545930023486511 0.729271110679934 0.201500802298327 0.134968561022063 -0.0830461063244608 -0.765129313461313 -0.494884554984637
3.83692831521935 6.04074343054661 0.634607149815793 -0.538566291541163 0.735711157950045 0.41070112964632 -0.437978490292902 -0.660845944530154 0.609473100891244 -0.295013484634343 0.168406354140848 0.264052218851582 0.311833343386988 0.263875874035684 -0.37831894120915
3.76296901139216 5.94853716404576 1.16148214438614 -0.808328623668051 0.582779255742179 -0.0835058685647943 -0.533625327887822 -0.665343354324481 0.522074970570155 0.0104917167347573 -0.151278405550055 0.0364366021406449 1.01010255399539 -0.10761902963695 0.360409010439085
3.42486460161375 5.8909286577699 1.60053768444529 -0.764872370625011 0.106815269504016 -0.63526433899557 -0.445754060056479 -0.799694015839541 0.402234802946429 0.357216880616586 0.402784324006451 0.174226968489819 0.125703891723969 -0.178718699356601 -0.41918106854862
2.98756606758206 5.69668217736742 1.8259060734457 -0.295317226821485 -0.133983499933006 -0.945957810870923 -0.636108212025934 -0.711179672169857 0.299315712373814 -0.59306446230178 0.789569497355415 -0.565797438493491 0.209906386523933 0.634337933218708 0.29990965398196
2.46285297576819 5.61839362734904 1.85779394104332 0.151869243890482 -0.549282712729206 -0.821720288274651 -0.732831936686555 -0.620443642380602 0.279297395005022 0.3358434526859 -0.13122189664964 -0.607991022306401 -0.121132998343542 -0.124525346583073 -0.0784833586644313
1.80398635048794 5.84755428992876 2.89571378760247 -0.424068283666534 0.829982166095996 0.362347476729577 -0.889682400828186 -0.456557260371334 0.00454893537984932 0.0120820095681714 0.302205242835136 0.740412478791533 0.0785550433561644 -0.140294564195357 0.139026147090488
3.28087605178846 5.19293814884483 0.950937151565759 0.0445443895870021 0.982271127962586 0.182096736957516 -0.989113544480909 0.0689543027189613 -0.12999882495591 -0.247471846483263 0.0847831460897558 -0.4396237675912 0.443486458763637 -0.119728215821302 -0.759397658180382
2.39119846740291 5.24398083311752 1.02099378060126 -0.492203646239692 0.622939725774842 0.608014574674441 0.579107360479008 0.755818745872276 -0.305569568257811 -0.427741570434796 0.215228868226251 -0.50771908539456 -0.11129396140396 0.311532431820638 0.592000220765335
2.38742220696912 5.66879697901441 0.892030368997313 0.326306655078363 0.2293487005059 0.917018613367071 0.570661462917709 0.725589478415577 -0.384532696304541 0.332452721772623 0.116988853506451 -0.623511167361011 -0.0752420819014484 0.722497969916722 -0.110170354573877
2.53851224377732 6.16705848128215 0.821995227068492 0.671927535922832 -0.45347251233298 0.585556231314968 0.677881818833376 0.695022417725848 -0.239624967678546 -0.136165936994103 0.16146746947326 0.238117382873465 0.037791743708604 -0.0287289046660388 -0.345798391128549
2.82404047169206 6.65801060655492 1.0469276987822 0.741750568414414 -0.666168268292847 0.0776273296446127 0.670234132411396 0.732079587512941 -0.121843156612201 -0.134252918476741 0.0384148830133205 0.289869635402345 0.105864668377491 -0.882803114457139 0.437737794746467
3.21577711507938 6.93599774500059 1.14820856190652 0.466843863093146 -0.71129504712246 -0.525467592858294 0.642056797827023 0.681223433655851 -0.351706886594244 -0.180102323712415 0.28072247328361 -0.241674307621152 0.390892412568366 0.013558505437768 -0.705514253297676
3.71878175443045 7.16513761791686 1.22184584875298 0.0762141671905863 -0.421678465446632 -0.9035367665018 0.584806251712932 0.752849930621427 -0.302024308424892 -0.401916609556202 -0.103312452595171 -0.288397919603535 -0.0669393594664601 -0.926433617160135 0.352196882184319
4.20933542358761 7.42473109694232 0.938759289663981 -0.266690971242714 -0.536968496733226 -0.800337909708933 0.470597058967262 0.652138708220311 -0.594351351874156 -0.174725995395986 0.12928873428286 -0.993577490123474 -0.119085376395332 -0.147346353196362 0.112456452630502
4.64589472150385 7.4820273074719 0.621312874851832 -0.725362617877799 -0.226463994263728 -0.650048556333073 0.508675386627925 0.459903281405075 -0.727831242226007 0.210054843327539 -0.357245997766316 -0.450941634327822 0.263053574413958 -0.520529505868433 0.478606534187778
4.90747613223897 7.29122034017656 0.141017742064411 -0.73242576947447 0.599935297675144 -0.321916419348337 0.603123405298552 0.352328830477082 -0.715616226066041 -0.0697721707252326 0.0209313918525563 0.56591466512078 -0.0259030597493505 0.277972496307162 0.0156580340428875
4.97905248169472 7.3340695947405 -0.39574375865968 -0.3450922981817 0.889294485132437 0.300111112118666 0.562980289261755 0.4519733421319 -0.691934479508365 -0.28713461734013 0.115843195493484 -0.382402205218704 -0.273104045992591 -0.0487324493155441 -0.224535542066795
5.0112950391017 7.59286295956799 -0.851745424035357 0.348122793055719 0.647032575224125 0.678350481226743 0.616389314254664 0.387212552002119 -0.685660747347377 0.371518291790781 0.301059890391388 0.475981162619192 -0.124341489111754 0.309952318957456 0.380148684874767
