        0.0000   0.884808   0.266899   1.151707 
        0.1000  -0.322134   1.473840   1.151707 
        0.2000  -0.394553   1.546472   1.151919 
        0.3000  -0.278232   1.430151   1.151919 
        0.4000  -0.109542   1.257067   1.147525 
        0.5000   0.047700   1.096052   1.143753 
        0.6000   0.115926   1.027827   1.143753 
        0.7000   0.117308   1.026445   1.143753 
        0.8000   0.051541   1.092212   1.143753 
        0.9000  -0.030966   1.174719   1.143753 
        1.0000  -0.054587   1.196445   1.141858 
        1.1000  -0.055775   1.194672   1.138897 
        1.2000  -0.027344   1.166241   1.138897 
        1.3000   0.020902   1.117995   1.138897 
        1.4000   0.056228   1.079778   1.136005 
        1.5000   0.098208   1.037797   1.136005 
        1.6000   0.139232   0.996773   1.136005 
        1.7000   0.084911   1.050602   1.135513 
        1.8000   0.034477   1.101036   1.135513 
        1.9000   0.028561   1.106952   1.135513 
        2.0000   0.002718   1.132059   1.134776 
        2.1000   0.019690   1.114789   1.134479 
        2.2000   0.008541   1.102388   1.110929 
        2.3000   0.006185   1.104744   1.110929 
        2.4000  -0.000120   1.111049   1.110929 
        2.5000  -0.009877   1.120805   1.110929 
        2.6000   0.014084   1.047969   1.062053 
        2.7000   0.033091   1.030236   1.063327 
        2.8000   0.030207   1.033120   1.063327 
        2.9000   0.002035   1.061292   1.063327 
        3.0000  -0.006415   1.069743   1.063327 
        3.1000  -0.021402   1.084729   1.063327 
        3.2000  -0.007088   1.070415   1.063327 
        3.3000   0.012371   1.050956   1.063327 
        3.4000   0.048924   1.012031   1.060955 
        3.5000   0.108148   0.952807   1.060955 
        3.6000   0.113499   0.942127   1.055625 
        3.7000   0.103111   0.952515   1.055625 
        3.8000   0.090532   0.965094   1.055625 
        3.9000   0.056499   0.999127   1.055626 
        4.0000   0.033888   1.021737   1.055626 
        4.1000   0.034891   1.019977   1.054868 
        4.2000   0.029162   1.025706   1.054868 
        4.3000   0.048913   0.983784   1.032697 
        4.4000   0.019529   1.013167   1.032697 
        4.5000   0.013065   1.019631   1.032697 
        4.6000   0.034245   0.984692   1.018938 
        4.7000   0.067949   0.950989   1.018938 
        4.8000   0.088783   0.929268   1.018051 
        4.9000   0.096892   0.916256   1.013147 
        5.0000   0.095093   0.918054   1.013147 
        5.1000   0.104199   0.908058   1.012256 
        5.2000   0.113123   0.899134   1.012256 
        5.3000   0.131462   0.880794   1.012256 
        5.4000   0.145971   0.866285   1.012256 
        5.5000   0.152705   0.859552   1.012256 
        5.6000   0.140755   0.871502   1.012256 
        5.7000   0.121450   0.889181   1.010631 
        5.8000   0.098687   0.912530   1.011216 
        5.9000   0.071690   0.939526   1.011216 
        6.0000   0.080710   0.930506   1.011216 
        6.1000   0.101905   0.909311   1.011216 
        6.2000   0.126940   0.881102   1.008042 
        6.3000   0.151260   0.856782   1.008042 
        6.4000   0.145505   0.859385   1.004890 
        6.5000   0.142071   0.857657   0.999728 
        6.6000   0.083543   0.916186   0.999728 
        6.7000   0.075203   0.924525   0.999728 
        6.8000   0.098337   0.901391   0.999728 
        6.9000   0.119837   0.879892   0.999728 
        7.0000   0.122226   0.878132   1.000358 
        7.1000   0.116783   0.882216   0.998999 
        7.2000   0.123145   0.874284   0.997429 
        7.3000   0.118733   0.877447   0.996180 
        7.4000   0.111084   0.885096   0.996180 
        7.5000   0.103708   0.893133   0.996841 
        7.6000   0.071352   0.922643   0.993995 
        7.7000   0.078602   0.915393   0.993995 
        7.8000   0.107258   0.888718   0.995976 
        7.9000   0.130687   0.865289   0.995976 
        8.0000   0.154560   0.841416   0.995976 
        8.1000   0.152532   0.843444   0.995976 
        8.2000   0.131611   0.864365   0.995976 
        8.3000   0.112035   0.883941   0.995976 
        8.4000   0.099851   0.896125   0.995976 
        8.5000   0.086415   0.909561   0.995976 
        8.6000   0.079857   0.916004   0.995860 
        8.7000   0.070355   0.925505   0.995860 
        8.8000   0.037548   0.945602   0.983150 
        8.9000   0.024795   0.958355   0.983150 
        9.0000   0.030912   0.952238   0.983150 
        9.1000   0.056625   0.926525   0.983150 
        9.2000   0.079244   0.903906   0.983150 
        9.3000   0.093548   0.889602   0.983150 
        9.4000   0.095171   0.887979   0.983150 
        9.5000   0.105170   0.877753   0.982923 
        9.6000   0.109445   0.873478   0.982923 
        9.7000   0.114434   0.868489   0.982923 
        9.8000   0.118274   0.867179   0.985453 
        9.9000   0.115594   0.869859   0.985453 
       10.0000   0.102307   0.883146   0.985453 
       10.1000   0.108173   0.877280   0.985453 
       10.2000   0.109979   0.875474   0.985453 
       10.3000   0.134561   0.850892   0.985453 
       10.4000   0.152218   0.833205   0.985424 
       10.5000   0.156840   0.828583   0.985424 
       10.6000   0.133438   0.851986   0.985424 
       10.7000   0.113544   0.871880   0.985424 
       10.8000   0.090104   0.895319   0.985424 
       10.9000   0.051778   0.933645   0.985424 
       11.0000   0.037487   0.947937   0.985424 
       11.1000   0.056332   0.929091   0.985424 
       11.2000   0.098878   0.882019   0.980896 
       11.3000   0.141288   0.839494   0.980782 
       11.4000   0.167392   0.812145   0.979537 
       11.5000   0.184784   0.794753   0.979537 
       11.6000   0.196008   0.783529   0.979537 
       11.7000   0.173809   0.805728   0.979537 
       11.8000   0.133442   0.846095   0.979537 
       11.9000   0.108438   0.871099   0.979537 
       12.0000   0.094641   0.884896   0.979537 
       12.1000   0.086865   0.892672   0.979537 
       12.2000   0.077081   0.902456   0.979537 
       12.3000   0.057806   0.921731   0.979537 
       12.4000   0.077985   0.901128   0.979113 
       12.5000   0.107972   0.860454   0.968426 
       12.6000   0.142710   0.827558   0.970269 
       12.7000   0.160093   0.810175   0.970269 
       12.8000   0.161856   0.808413   0.970269 
       12.9000   0.168280   0.801989   0.970269 
       13.0000   0.179336   0.790635   0.969971 
       13.1000   0.190329   0.779642   0.969971 
       13.2000   0.186642   0.783329   0.969971 
       13.3000   0.156311   0.808749   0.965060 
       13.4000   0.128471   0.836589   0.965060 
       13.5000   0.114833   0.850226   0.965060 
       13.6000   0.092233   0.872827   0.965060 
       13.7000   0.076184   0.888875   0.965060 
       13.8000   0.067849   0.897211   0.965060 
       13.9000   0.078302   0.886758   0.965060 
       14.0000   0.090554   0.874505   0.965060 
       14.1000   0.109312   0.855748   0.965060 
       14.2000   0.111764   0.853404   0.965168 
       14.3000   0.127667   0.837501   0.965168 
       14.4000   0.166554   0.798614   0.965168 
       14.5000   0.196113   0.761003   0.957116 
       14.6000   0.187506   0.770436   0.957943 
       14.7000   0.158163   0.799779   0.957943 
       14.8000   0.123930   0.834012   0.957943 
       14.9000   0.099381   0.858561   0.957943 
       15.0000   0.086704   0.871239   0.957943 
       15.1000   0.093922   0.864021   0.957943 
       15.2000   0.102758   0.855184   0.957943 
       15.3000   0.132083   0.825860   0.957943 
       15.4000   0.153168   0.804775   0.957943 
       15.5000   0.173186   0.784757   0.957943 
       15.6000   0.172326   0.785540   0.957865 
       15.7000   0.153500   0.798842   0.952342 
       15.8000   0.148885   0.800899   0.949784 
       15.9000   0.116589   0.833195   0.949784 
       16.0000   0.113746   0.836038   0.949784 
       16.1000   0.115703   0.834081   0.949784 
       16.2000   0.149821   0.799963   0.949784 
       16.3000   0.155872   0.793912   0.949784 
       16.4000   0.157114   0.776847   0.933961 
       16.5000   0.150475   0.781628   0.932103 
       16.6000   0.139421   0.792682   0.932103 
       16.7000   0.153626   0.778477   0.932103 
       16.8000   0.155473   0.776631   0.932103 
       16.9000   0.167876   0.764595   0.932470 
       17.0000   0.174524   0.757946   0.932470 
       17.1000   0.164120   0.770423   0.934544 
       17.2000   0.159974   0.774569   0.934544 
       17.3000   0.125639   0.808904   0.934544 
       17.4000   0.128501   0.799174   0.927675 
       17.5000   0.134900   0.792775   0.927675 
       17.6000   0.130324   0.791007   0.921331 
       17.7000   0.121564   0.799766   0.921331 
       17.8000   0.127023   0.794308   0.921331 
       17.9000   0.140891   0.780440   0.921331 
       18.0000   0.156114   0.764747   0.920861 
       18.1000   0.176318   0.744542   0.920861 
       18.2000   0.189315   0.725861   0.915176 
       18.3000   0.173502   0.731405   0.904907 
       18.4000   0.168337   0.736569   0.904907 
       18.5000   0.149723   0.755301   0.905025 
       18.6000   0.135600   0.769424   0.905025 
       18.7000   0.116418   0.788607   0.905025 
       18.8000   0.116775   0.788250   0.905025 
       18.9000   0.110342   0.790701   0.901043 
       19.0000   0.119515   0.781528   0.901043 
       19.1000   0.127896   0.773147   0.901043 
       19.2000   0.137807   0.763237   0.901043 
       19.3000   0.141144   0.759900   0.901043 
       19.4000   0.151706   0.750010   0.901717 
       19.5000   0.151691   0.748908   0.900598 
       19.6000   0.148423   0.752176   0.900598 
       19.7000   0.141986   0.758613   0.900598 
       19.8000   0.129723   0.770876   0.900598 
       19.9000   0.125088   0.775510   0.900598 
       20.0000   0.113053   0.787545   0.900598 
       20.1000   0.113144   0.787455   0.900598 
       20.2000   0.112922   0.787676   0.900598 
       20.3000   0.107320   0.793278   0.900598 
       20.4000   0.110388   0.790210   0.900598 
       20.5000   0.106752   0.793846   0.900598 
       20.6000   0.107575   0.792224   0.899800 
       20.7000   0.119934   0.779866   0.899800 
       20.8000   0.141605   0.758195   0.899800 
       20.9000   0.155054   0.744746   0.899800 
       21.0000   0.169975   0.729824   0.899800 
       21.1000   0.156958   0.741190   0.898148 
       21.2000   0.141758   0.756389   0.898148 
       21.3000   0.120235   0.777913   0.898148 
       21.4000   0.121007   0.778105   0.899112 
       21.5000   0.138173   0.761128   0.899301 
       21.6000   0.151651   0.742961   0.894612 
       21.7000   0.171148   0.720858   0.892006 
       21.8000   0.166289   0.725717   0.892006 
       21.9000   0.145072   0.748769   0.893840 
       22.0000   0.118858   0.774982   0.893840 
       22.1000   0.088600   0.805240   0.893840 
       22.2000   0.070972   0.822868   0.893840 
       22.3000   0.075755   0.818085   0.893840 
       22.4000   0.093873   0.799967   0.893840 
       22.5000   0.109388   0.784453   0.893840 
       22.6000   0.127323   0.759577   0.886899 
       22.7000   0.162967   0.723933   0.886899 
       22.8000   0.185339   0.698981   0.884321 
       22.9000   0.188276   0.693510   0.881787 
       23.0000   0.168212   0.711461   0.879673 
       23.1000   0.140286   0.739387   0.879673 
       23.2000   0.131464   0.748209   0.879673 
       23.3000   0.129016   0.737518   0.866535 
       23.4000   0.118420   0.748404   0.866824 
       23.5000   0.104805   0.762089   0.866894 
       23.6000   0.115772   0.751122   0.866894 
       23.7000   0.124091   0.742802   0.866894 
       23.8000   0.117411   0.741442   0.858853 
       23.9000   0.119900   0.738953   0.858853 
       24.0000   0.130906   0.724785   0.855691 
       24.1000   0.140528   0.715163   0.855691 
       24.2000   0.126887   0.726253   0.853140 
       24.3000   0.123838   0.729302   0.853140 
       24.4000   0.137384   0.715756   0.853140 
       24.5000   0.152274   0.700867   0.853140 
       24.6000   0.158433   0.694707   0.853140 
       24.7000   0.152852   0.700669   0.853521 
       24.8000   0.139390   0.714132   0.853521 
       24.9000   0.122757   0.730764   0.853521 
       25.0000   0.102864   0.750658   0.853521 
       25.1000   0.098351   0.755171   0.853521 
       25.2000   0.103517   0.750005   0.853521 
       25.3000   0.116683   0.732112   0.848794 
       25.4000   0.120838   0.727957   0.848794 
       25.5000   0.129244   0.719551   0.848794 
       25.6000   0.142646   0.709611   0.852257 
       25.7000   0.132071   0.704749   0.836819 
       25.8000   0.131999   0.704821   0.836819 
       25.9000   0.122780   0.713353   0.836132 
       26.0000   0.124211   0.711922   0.836132 
       26.1000   0.124637   0.711495   0.836132 
       26.2000   0.127220   0.708913   0.836132 
       26.3000   0.132819   0.703314   0.836132 
       26.4000   0.144225   0.691907   0.836132 
       26.5000   0.124822   0.711648   0.836470 
       26.6000   0.133232   0.703238   0.836470 
       26.7000   0.131282   0.703570   0.834852 
       26.8000   0.131614   0.703238   0.834852 
       26.9000   0.146431   0.688421   0.834852 
       27.0000   0.118793   0.716059   0.834852 
       27.1000   0.110496   0.724357   0.834852 
       27.2000   0.111071   0.723782   0.834852 
       27.3000   0.105751   0.729101   0.834852 
       27.4000   0.110622   0.724230   0.834852 
       27.5000   0.122014   0.706730   0.828744 
       27.6000   0.138192   0.690552   0.828744 
       27.7000   0.148316   0.676448   0.824763 
       27.8000   0.141260   0.683503   0.824763 
       27.9000   0.155913   0.668851   0.824763 
       28.0000   0.176735   0.648029   0.824763 
       28.1000   0.183947   0.639985   0.823932 
       28.2000   0.174711   0.649222   0.823932 
       28.3000   0.158226   0.665706   0.823932 
       28.4000   0.123034   0.700560   0.823594 
       28.5000   0.096377   0.727216   0.823594 
       28.6000   0.087633   0.735961   0.823594 
       28.7000   0.105860   0.717734   0.823594 
       28.8000   0.133828   0.689766   0.823594 
       28.9000   0.151002   0.672592   0.823594 
       29.0000   0.152576   0.671018   0.823594 
       29.1000   0.152025   0.664227   0.816252 
       29.2000   0.139453   0.675479   0.814932 
       29.3000   0.129453   0.685479   0.814932 
       29.4000   0.126931   0.685597   0.812528 
       29.5000   0.118124   0.691648   0.809772 
       29.6000   0.122385   0.687387   0.809772 
       29.7000   0.129314   0.674108   0.803422 
       29.8000   0.144517   0.658905   0.803422 
       29.9000   0.150522   0.652900   0.803422 
       30.0000   0.135331   0.668091   0.803422 
