t = 3000000
b = 15.077343 15.077343 15.077343
E = 0.427617894254958 0.135331024089793 0.292286870165165
1.14591359498369 7.09218576903835 7.46397193701667 0.729620705805534 -0.681746567127126 0.0536210571499852 -0.139033459117586 -0.0711092565364274 0.987731312162847 0.495403651130232 -0.207351582041973 -0.427829287783858 -0.091091608199773 0.477750715480681 -0.678351052035102
1.58721298578164 7.52439688881954 7.53374761246671 0.354883724826932 -0.930382840424896 -0.0918983739681944 0.392935730286253 0.0592395044343163 0.917655813706773 -0.481345551044386 0.0491030918100161 0.307380345911313 -0.38154575502185 0.5758203288386 0.147332606543345
1.22012020132431 8.57703337076632 7.20055236158168 0.164221326983728 0.07387102479073 -0.983653609731129 0.67577128590312 0.718004502215619 0.166741406339506 -0.592580686865584 0.431782109123829 -0.52686329535532 0.281196187118612 -0.472535708290829 -0.00492585389419268
1.68559785889143 8.76089849666136 7.14416598632019 -0.0467509226389246 0.0928355520923125 -0.99458328503917 0.510492333886126 0.858050624746621 0.0560954690607755 -0.13708204361838 0.453221656675575 0.40282463080378 -0.0264046060440326 -0.997447820806458 0.501496095059585
1.78262618262266 9.83393304035536 7.52038156504605 -0.828849378384196 0.354397943504009 -0.432909696584861 0.433095609630539 0.896277089757864 -0.0954754989327492 0.303328853297169 0.0298577724976562 -0.369423924565171 -0.375840772993801 0.011927823436281 -0.0761318939783386
2.50688970641383 9.21322877280847 7.90515808200339 -0.444502504568867 0.332545695036105 0.831763707419337 -0.895091330723161 -0.20122890012062 -0.397892484314778 -0.467758930406247 -0.356864552365041 0.0804211790600551 -0.133919918149932 -0.285760260770944 -1.07042965973761
2.40236727020683 8.89797030032431 8.36172485669533 -0.155671052722407 0.479885368946499 0.863409838442473 -0.962389504313969 0.123332259247132 -0.24206526735363 0.363446296984165 0.0698424905428783 -0.732400516284717 -0.118148319467806 0.0241556705508102 0.359379047678702
2.04105293424326 8.87495069397942 8.41440213087424 -0.0976434203554517 0.992570628147245 0.0725899786535635 -0.989240351728804 -0.104782616849946 0.102098621867543 -0.173360786468158 -0.610357953269186 0.0429594014704225 -0.174301509670781 -0.864325630734076 0.325661675164096
2.38452340940229 8.17115399970703 7.88865373082559 -0.728022544442715 0.52296540155193 -0.443272375735879 0.19483212532067 0.77776156644113 0.597601415886532 -0.341684762609421 -0.243276203516381 -0.666955949893383 0.0915342285759687 -0.638511685415024 -0.641619725909618
2.27621242070425 7.51174052949577 8.04464686499492 -0.105890294671422 -0.276108436311615 0.955275550013252 0.528741984605097 0.797975307080873 0.289253042103837 -0.578153543932863 -0.87535091566542 0.0040570081796874 0.726906556110839 0.888814888795595 -0.158297691490767
2.72273732044227 7.855393648866 7.03479242203189 0.418416015406738 0.576211380803002 0.702074411057527 -0.851382112918952 0.518063668722386 0.0822102723688816 0.371794382035719 -0.0758335909357025 0.602699866349763 0.218694278603897 -0.429515697035392 0.189655782464673
3.15627290597995 7.68305958491535 6.13862380746965 -0.799355200171611 0.527115701082905 -0.288409953040804 -0.572161936883558 -0.814325931040575 0.0974884364771444 -0.312168902311263 -0.253305480693075 -0.221144763130635 -0.191794080213844 0.229927713687313 0.749651546857251
3.04986352897257 6.76998287823172 6.81857094892722 -0.548550109190234 -0.732193982804723 0.403713695914342 -0.686615924983194 0.67000994886639 0.282214880891331 -0.234511787725617 -0.275913866743649 -0.362643678639421 0.077198753588173 -1.14492857692963 0.38562640854298
4.07291240357579 6.55796290765614 5.97326659452169 0.368600089110141 -0.88183389316707 0.294113853873276 -0.83511832193913 -0.453098514443886 -0.311896015491885 0.0234551819375444 -0.426508056909821 -0.423214909361545 -0.09412821328201 -0.399719923601714 -1.5260537608201
3.79621278224205 6.25554416253365 6.10551395918673 0.313427035052392 0.282017293585545 0.906768845793046 -0.915112463076287 -0.165346394105421 0.367735978325244 0.297350344630004 -0.32961177354488 0.14442984724056 -0.174293392848117 -0.153491552284415 0.261821675263813
3.27578606976297 5.90433557403358 5.90568055940529 0.267909008046011 -0.884540757711741 -0.381853995109108 0.122054952062797 -0.361988515395643 0.924157420514791 -0.629211828072896 0.048975717601866 0.486513288367573 -0.0626914549993893 0.187853626067078 0.472379095814248
3.59718492104505 6.26005658723476 6.91230690218765 0.457513522768736 0.651460680299421 0.605211003196495 -0.107093072009341 0.71603721203471 -0.689798365311125 0.430634525396924 0.214403929534913 0.297970923880392 0.118795693802241 0.629147636527592 -0.700226625707254
2.42499325173465 5.55721464364348 6.32267838828925 -0.99595393056803 -0.0485402214562226 0.0756280958672807 0.0673361579377368 -0.960407129266671 0.270340488731216 0.308871575699567 -0.239880926068663 0.653481777824835 0.330808675155035 -0.607024504241279 -0.0479716073421482
3.08076181981278 5.32241755489721 7.4660860671593 0.283357211212372 -0.704479591836875 0.650705133897989 0.935377420316273 0.352735127285672 -0.025435848030226 -0.0714915452595947 0.446195345051175 0.465679596577292 0.0810201360684885 -0.525697634881831 -0.446097380114383
2.76834832741956 6.00928873442141 7.46124382349416 0.872193782894585 0.370225047677371 -0.319705206512062 0.267913632917986 0.185280953689174 0.945459281779638 0.294812708015423 -0.0104607617632119 -0.619177128931024 0.345914940805705 0.927192700030276 -0.0612799504412741
2.52931739849604 4.55474364072393 7.09233703838586 -0.486419761716394 -0.550408981680865 -0.678561538084884 0.296507437283552 0.626554582349169 -0.72077228563999 -0.486550276431464 -0.46220973171608 0.189844393249796 -0.0540608048937037 0.196449058749402 0.379255259259338
3.0134605872547 4.09619051498261 7.38736120991969 0.215922236426532 0.610060240286402 -0.762367429864454 0.745508538619382 0.401214632335182 0.53220658114295 -0.662200298626118 0.405485827038524 0.702948517708981 0.566198535742109 0.838115280569951 0.51118182794835
2.29426018102989 3.04768621714328 6.97177568572088 0.477057526149313 -0.634300256904711 -0.608341433867288 0.150948537349913 0.74103331878507 -0.65428140643155 -0.351223833591398 -0.175338855175643 0.166892547235361 0.305562298640403 -0.038279323775321 0.168005042832018
1.09117114312671 2.69489159089359 8.10841556613516 -0.557610398589477 -0.394660323802482 0.730283412239764 -0.82388284768915 0.155626749550876 -0.544974640413199 0.472995188282095 -0.126058238830963 0.488028681685304 -0.212718424812383 0.464431872233117 -0.610687171731317
1.54340013390522 2.73111710638691 6.39827179515045 -0.189054367911281 -0.591294894914495 -0.783982643700382 -0.884768820960556 0.448895623169055 -0.125207212711633 -0.0702416066379284 0.348326321189694 0.416862703049327 -0.32442078374127 -0.744737433009495 -0.364508062544489
2.59365310164791 3.39599484476095 6.03844783319774 -0.405725375129967 -0.192809131047643 -0.893426862608905 0.115873004812197 0.958758687874968 -0.259528851846366 0.617508881391044 0.344480785659647 -0.66686742793224 -0.185118579970397 -0.802038073312397 -0.234380110777252
3.40920397744924 2.56077892116833 6.5984616189515 0.296731188681215 -0.745662306174525 -0.596605759355325 0.711780206121983 0.589195003719174 -0.382384991387775 -0.235741400521779 -0.171674416149919 1.85421675176664 -0.246221486535783 0.359920435839195 -0.949060504411757
4.1876673012108 2.9699100993203 6.38239502489243 0.695842762709983 0.228192557497122 0.68097797743587 0.0951501112716917 -0.969113925301529 0.227518472073675 -0.237418671341097 -0.337676855407044 0.0218924965193844 0.136432161733658 0.341940553372227 0.190630262989908
4.43123413056985 4.03900313116729 5.83820199958239 0.259311703983512 0.574084851903617 -0.776649227754803 -0.262143204134519 -0.732129746718588 -0.628702612107984 0.809138056976134 -0.00588991344891986 -1.44154468242988 0.810545640926489 -0.386530580989592 -0.925664090880027
4.2628777453177 4.45132097577767 7.3762349275303 -0.252192828696533 0.337280697943546 0.906995338985652 -0.699574363112227 0.584035490530054 -0.411701708809174 -0.730916725637255 -0.499927725529529 0.926669203289005 0.476606838599755 -0.152218338775246 0.29448680067054
3.60361250315001 5.11272071194348 7.88886690728913 -0.17888190545798 0.98386573196643 -0.00307973467025349 0.888945285238511 0.162963780399257 0.428040986150879 0.0227637201954995 -0.231141660203122 0.0113591734167169 0.37245139455009 0.139133692238709 0.149759589909714
3.93994163340566 4.76868740001363 8.95841747518038 -0.487191524391168 -0.64005932475998 0.594111480259124 -0.857483890334319 0.479479007448297 -0.186604486638743 0.355120440250845 0.314935680382249 0.332725302797705 0.466060763126578 0.186303840667375 0.468460409934199
4.14225688354072 5.31650872644817 9.61481063621211 -0.451798742653061 0.147072133720969 0.879913488046566 0.153607982930907 0.984411433479093 -0.085667043676006 -0.253640900359823 -0.206229459039908 0.991472816594671 -0.28176458522403 0.22989527021418 0.542323074870915
3.67862330139898 5.66892716707088 10.0774362446462 -0.00540076807619112 -0.239208728213538 0.970953169762447 0.150806956560528 -0.960057138812231 -0.235685476662059 0.200273180449982 0.412735265618506 -0.612436404782017 -0.257283367676219 0.352557095008893 -0.270036373893484
4.29253821063084 6.47900508540236 10.3311351152056 -0.0632058522688465 0.785710555291998 0.615356760525195 0.88490999719186 -0.240975248794401 0.398579008095108 0.31696834288181 -0.00910677678369428 -0.160073394433147 0.0202182757273993 0.62312959503393 -0.615359235716483
5.40543039125942 6.0861866479826 9.75026639616984 0.00980243669419428 0.301876711335653 -0.953296576707124 0.107312923461917 0.947518994773026 0.301150610797922 -0.30273693620571 -0.141099051137926 0.0163967136028776 0.135997688470851 0.589227362355132 0.880255332710811
5.0805806575376 5.38184375811353 9.64675837512996 -0.651910528981401 0.723673367395683 0.226516042889459 0.19996974742677 -0.124077703001224 0.971913999915325 -0.363556841153816 -0.249578506823544 0.375017711010404 -0.440191610529913 -0.0385105838115908 0.201512938564846
4.70292232692051 4.80172256195405 9.76983512548946 0.397160898867751 0.843527808316644 0.361557811657297 0.551684400747615 -0.534271968304776 0.640466846675524 0.13806939010414 -0.629652852062275 -0.386041640586257 0.638617849942796 -0.11332845363402 -0.209498717492679
5.11227927019156 4.29552860423452 10.268577674834 -0.358093847164462 0.33289922397409 0.8723227012843 0.149453559769584 0.942669057197357 -0.298393473588007 -0.330510239621308 0.202888949215978 -0.577479450265501 0.337938400458895 0.334416196116141 -0.641644968325648
5.39455561245615 3.05443587826311 9.02554548427439 -0.189102151440407 -0.954176810485951 -0.231920452925822 0.0431657618136692 -0.244031026958219 0.968806287178821 0.398133502796256 -0.0355185077075057 0.37633589072239 0.614161993779122 0.688562266378903 0.934755222733473
5.9701138470039 2.38834143101938 9.50379657360987 0.502934149083738 -0.771869006558317 -0.388941455892648 -0.642044079704357 -0.0323667453368763 -0.765984190440828 -0.311468166820523 -0.47978906678446 -0.641772794412611 -0.714046769050514 -0.269574962224145 0.341804526591861
5.87496885764921 3.41369804457066 8.39397346330221 -0.558292542526313 -0.0240987112224058 -0.829294079528147 0.158470361249146 -0.98427144003629 -0.0780822500598295 -2.14141981004839 -0.977413830833595 -0.00247340912681147 0.757515846272149 -1.62342917945383 -0.152557101026616
6.79031971878435 3.39297182307423 7.78400344542315 0.3037138244783 0.8956509774146 0.324911117490048 -0.553072785337225 0.443415974202694 -0.705331670169743 0.281288618316843 -0.760920115822256 0.415057125115859 0.271485671587579 -0.0604634855556178 0.181085147817761
6.13211497299155 3.75197592236196 6.70001043610226 0.0158856431898727 -0.271380266076223 0.962341113709706 -0.362364354324829 0.89547060468531 0.258504417684812 0.128722858696771 0.419635867665752 1.14524968799301 -0.0241678865658196 -0.831863091109569 -0.240115568115129
5.96883086384267 5.25630620259545 7.00755618457574 -0.426046522435729 0.814498392763416 0.393797817767323 -0.317956757585923 0.272706887975662 -0.908038793830284 -1.40316612793987 -0.573169824597103 0.222081143405217 -0.389165188081809 0.156879415468624 -0.137198557447911
5.3608914209739 5.57990305310175 6.60190061748012 0.393221879922124 0.817844523321908 -0.420127213790479 -0.587107775737538 0.57499535871089 0.569811184964477 -0.526649692764037 -0.142715372291642 1.16875268527113 0.57018818455879 0.177075379510018 -0.010112426118461
4.68480264836941 5.93778353000193 6.48002436589504 -0.13970272175043 -0.601030747179704 -0.786921333921911 -0.237826249372546 -0.751085074032237 0.615881384954175 -0.486752742883644 -0.37673982622303 -0.163882946191325 0.73054092170088 0.399683559126167 0.17473561521938
5.10034353350958 6.2780351112886 7.57123244737783 0.834171376004888 -0.516288884678296 0.193917218035248 0.530988881813969 0.846867474400379 -0.0294324530487756 -0.470410291006305 -0.459730571721104 0.583962105654482 -0.177199582217533 0.0527216371486611 0.772169967421709
4.81191562798359 7.74316854206664 8.18126371516506 -0.202549528577819 0.879347399796455 -0.430954547441795 -0.765116296585966 0.132563957184214 0.630098277815914 0.559785126295826 0.253225965328059 0.144054759363282 0.0329276914803489 0.441180496359832 0.0162027809014014
4.09499567788709 6.88106979401203 8.51724505273222 -0.785817121452698 0.343592361311982 -0.514233149169698 0.615398463060978 0.351793810163715 -0.705355114491076 0.32131581589596 0.346927763510922 -0.621888083380083 0.00594682239720482 0.413388881687445 0.383971327955489
5.45035408198364 6.61407292645129 8.46643273737632 0.208538714022961 0.24310502012633 -0.947318084129945 0.509116636798007 0.800041813183223 0.317385168745855 1.08785082087194 -0.49535507376439 0.441156590328181 0.293030171217348 -0.415289416267456 -0.795540470612406
5.96041604167702 6.89717336835044 7.79300389965872 -0.318776141350881 0.804948640872503 -0.50043924258714 0.694206727899148 -0.161200059338163 -0.701492370948974 -0.0493741917191118 1.16575527379668 -0.776325608683548 -0.122402339493652 -0.0896695831124419 -0.0701813862729294
6.82748613372751 6.69464612003153 9.0177150975082 0.947196235611411 -0.0473117662445163 0.317144900541043 -0.319784083066632 -0.212201802993046 0.923422186672869 0.384006342968118 -0.718843295295504 0.0206906455633706 0.110194599989565 -0.0918186041431336 0.414409883918036
6.44486311285331 7.40640295857872 8.40137458586617 -0.918206191484064 0.120850378266334 -0.377216869340312 0.32202699254644 0.782270396898267 -0.533246304519159 0.264350969334708 -1.08901705639483 -0.222646071882059 0.128816619741551 -0.486222464437474 0.121968485213697
6.91852953489302 7.85767525779832 7.96726677647515 0.538002932572205 0.771983762012633 0.338517230458101 -0.180293478854719 -0.286911978059878 0.940837806344506 -0.329641521018754 0.310278663839019 -0.00789115717879962 0.510189878851509 0.565741008940291 0.455934647686711
7.03751755061491 7.90032929818275 7.20538057785049 -0.696226534975327 -0.615154201213832 -0.369937725415134 0.655373940238402 -0.334498173655427 -0.677197142813235 0.066828241027205 -0.200983250275831 -0.142850624346112 0.114357439690654 0.0597416677058862 -0.112195522894726
6.98393314374915 9.14991390148056 7.3440697070694 0.557463189905173 0.829308859734556 0.0384916424118714 -0.782706995758658 0.509549263963741 0.357392369866979 -0.0678414150592141 0.139137199447624 0.206599324868877 0.135564945791557 0.0139394716690578 -0.742456718239426
6.76957051357888 9.48911410853563 7.73542422616958 0.567023376576698 0.723471375166141 -0.393793921415711 -0.646916106845926 0.687077465794754 0.330793138129858 -0.541789533273844 -0.0725740949013782 -0.653509642081731 -0.141484604790567 0.100087984024003 -0.257281578602225
6.47158221197936 10.0142384373362 7.85255619108122 0.609699297516425 0.532420724982858 -0.587192419784499 -0.367877813916587 0.846268090472906 0.3853520891072 0.526392380487839 -0.646940638152894 -0.11411135557801 0.0267044835108203 -0.0555353815246524 -0.275548307529825
6.37287994860934 10.7853022295228 8.39276952761735 -0.604050881271823 0.779656910275837 0.16509886457374 -0.1575657754788 0.0862378210210779 -0.983735769705554 0.675301384505002 -0.346373025561259 -0.411942776922937 -0.0970964273750366 -0.740384239825172 0.569883627086069
7.21236807943634 10.3469111952692 8.69992527024755 -0.650562633081408 -0.604303917119291 0.459983780940135 0.647569809503299 -0.124970525230246 0.751688598121717 0.739242442384688 -0.401439417701383 0.924142694606548 0.131656243847154 -0.300812004868336 -0.100946801827008
7.89081061723309 10.5504816512231 9.02831779489672 0.9158213725757 0.273968805728126 -0.293619322950723 0.383034186321256 -0.815585421688704 0.43371100005587 -0.545908892431299 -0.325451086226072 0.11924460897117 -0.381116146899964 0.0873742045012846 -0.0275641248794589
7.79536172578045 9.65532179821077 9.2357304585538 0.267083351782777 -0.0576431117297534 -0.961947888558691 -0.794328237455615 -0.578349823851226 -0.185887370701188 0.338231137409089 0.0622026391511229 -1.13939151229683 0.437297280650116 -0.0344078023324184 0.411842227443872
7.57012951437732 8.65908165466828 9.63249918876406 -0.335022623976608 -0.922824228245957 0.19014542048713 0.000457800873230037 0.201648425530558 0.979457860449842 -0.377762062969276 -0.0298546963764033 0.104292404922032 -0.225100316284679 0.575418686722455 -0.294825049406087
7.78290872338787 8.64155087576805 9.03189832193134 -0.949508206413045 0.294150188394059 0.109132177483422 -0.142275738933325 -0.0936760815160092 -0.985384394788061 -0.111797703330214 0.0275436455762049 1.06078802038148 -0.525072899045002 -0.158968956580626 -0.00313812200225284
8.29916915957768 8.38630748234118 9.75844673835512 0.0592267136526819 0.859657356069949 -0.507426276573152 0.746533820315378 0.299314925298814 0.594220355035204 0.403967106599137 -0.174362340724501 -0.201007030553698 -0.299945135971351 0.530517741221098 -0.549129322152104
9.46327427124175 7.8980050044416 9.41828863762266 0.784540010938314 0.32997284329493 -0.524990372880941 -0.421618364449169 0.904689748692893 -0.0614362262497252 -0.0148357384184035 0.566409662025233 -0.768637993779026 0.318671262259976 -0.19895628811528 0.0359389465060109
9.55749058647905 8.45045012689191 9.8330630977168 -0.790893464108362 0.603496737561067 0.101386462401851 0.551655385130669 0.774823473986464 -0.308747338112703 -0.467377974642014 0.206709291798883 -0.149271052772243 0.235859769591069 -0.233361056612431 -0.846921011924605
10.4979800729149 7.90570153472651 9.54381644033516 0.221935663743072 -0.900975979060746 0.372809391316293 -0.813352693724869 0.039811557577372 0.580407126714829 0.393441531134101 -0.412422654565188 0.0518459528468012 0.115251029039622 0.440383126557004 -0.0531171869648491
11.2796930383042 8.59282833517915 9.85030315870845 0.746229403583216 0.547123128712316 0.37920699812178 0.591207046794324 -0.80651978138928 0.000236139612943538 -0.445747242374106 0.285121249000287 0.0824891624031405 0.122208880221659 -0.398823495903191 0.726172613834985
11.0778168435005 8.80955067150059 8.95020976581605 -0.752532200523562 0.544133869569577 -0.370963094566526 -0.305082104505887 0.211160930102802 0.928620466227143 0.291362229587957 0.669528070262055 -0.0736397984728073 0.792329248640084 0.357110770835703 0.636525167755268
11.3840065275504 8.36214814061611 8.0767913700019 -0.370245657647697 0.285982674639784 -0.883816752533655 0.264726709697298 0.944462111957416 0.194707656243167 0.0574805629073916 0.013143011611256 0.0204994311886346 -0.161356416556347 0.652714849334661 -0.0536315279759683
12.0688438970609 9.28840791752455 8.43689079267567 0.46854760050425 0.647860147855764 0.600616659766597 0.881532174143801 -0.387498971447856 -0.269713869161513 -0.215448442643871 -0.410996471461371 0.263322471065493 -0.275324238515136 -0.293769224395986 0.662761301091972
12.2683123111859 9.73858783780665 8.06892248544493 0.913394483854802 0.40676481756574 0.0159027533598166 0.403049549851681 -0.909151273388058 0.104857133687346 0.456293435719164 0.201692537272494 0.988922376609988 -0.618936351896088 -0.129621875514524 0.543132093930066
12.3638909161482 9.33702953342175 7.37530343112734 0.512932981649777 -0.540152545612078 -0.667184367848283 0.826473480531713 0.520825448954705 0.213734495137395 -0.364565542551116 -1.00681038373709 -0.570586830188629 0.18890610879498 -0.112939653805411 0.164631089992424
12.1765728090342 9.52132684222879 6.98387195498886 0.855341811101113 0.309166452419769 0.415699999586977 0.184504494524673 0.568006890876837 -0.802076219842349 -0.769178026091517 0.34023490753686 0.6657337709428 0.388541533666576 0.0276081220515482 0.270457802714318
11.0673465115639 8.9555421811247 6.24700211806899 -0.0732010607499592 -0.376753126012866 -0.923416850646988 -0.736473878132095 -0.603917054069396 0.304779267568246 0.0903066506608547 0.332119736331488 -0.791573298946389 -0.195769221785949 -0.254138721364218 -0.260780904317484
10.1512630978462 9.11069146512506 7.21066283524328 -0.829825440479192 -0.550127302267558 0.0935396304401462 0.206844608012423 -0.147556775510819 0.967182661234681 0.719590234192789 0.503184246375013 0.218338914438886 -0.178484467641949 0.0347627329627953 0.0807307140128405
9.78350252219323 9.46827461159956 6.77767749057013 0.332618496385845 -0.916260790196153 0.223228786381161 -0.930054819996079 -0.279531429136315 0.238453778026755 0.406871897207109 -0.47622927975214 0.0343862057579661 -0.554535178790921 0.696333343395059 0.142829060951258
9.31801546014493 10.9634745488386 5.53305443198974 -0.25681033565629 0.469879949121063 -0.844547971273551 -0.770591565516081 0.427853833951673 0.472366088481324 0.596777435237144 -0.198535699217095 -0.344549202214004 0.13384140096522 0.700795991037009 -0.500122670050423
10.3645546654224 10.750294104652 6.01823841596507 -0.0503122381722906 0.660347842648931 -0.749272583861494 0.413199871592884 -0.669241765116027 -0.617560786805456 0.311126730262818 -0.464558661842957 0.221484867887945 0.44571769231985 -0.093162228588226 0.675978557199642
10.2042316464751 12.0174986066841 6.10093433524338 -0.236059268769202 0.934001725913487 -0.268173074028273 0.145645492531206 -0.23884815541026 -0.960072366633068 0.527164002360138 -0.380156567799369 0.445609273637463 0.0851425415744399 -0.649092450750115 -0.415191735098393
11.2400801280661 11.4325105793864 6.34108425481788 0.542170154616301 0.749548355808335 0.379774651288031 0.791553117093485 -0.303938842757052 -0.53015548916587 -0.835854751018002 0.243594740062959 0.0522505116112854 -0.222775993535642 0.527570866159695 0.0861845295060256
11.34135118789 12.1574856634054 5.75259800854544 0.466406936436614 0.844621663051048 -0.262828479705246 0.364361636921548 -0.454188882937907 -0.812990192142202 -0.361720027033155 0.676386578500477 0.627845599293062 -0.0746927703094993 0.0722387057952501 -0.230865040506648
12.3870398907255 11.1160807085123 6.23100417548267 0.841954894279681 0.52067602708595 0.14145116020003 -0.00694508998578475 -0.251685738786101 0.967784094976176 -0.0457899824619424 0.55158213802591 0.620045780855723 0.278677497167905 -0.241386074312535 -0.31816303293252
12.0882838140611 11.5590421434724 7.50855191302708 -0.372197759544751 0.563295565403969 0.737676713175462 -0.927491369374129 -0.255739769747013 -0.272684670388067 -0.180378482603493 0.317651843613745 0.31569253397238 0.233412657268606 0.172053699800228 0.608893332260461
13.0769192410199 11.3100423122427 7.30305846665215 0.242570930190978 0.41797460190354 0.875475056635367 0.955060975694478 0.0555716564174349 -0.291153435231046 0.10371790623048 -0.385618264531614 -0.244087114926872 0.247221667318544 0.0539644514425872 -0.109383783287823
13.4707122371392 11.615848822748 7.25326671932631 0.125744040990718 -0.292171645214318 0.948063375327265 0.934858760037823 0.354716331778484 -0.0146771452181658 -0.337869769024023 0.603448459087991 0.33154753742284 -0.426148901664659 -0.243131149061508 0.0504997403616913
